x <- c(1, 2, 3, 4)
y <- c(1, 1, 1, 1)
z <- x + y
